0 0.569712 0.242788 0.302885 0.250000
0 0.574519 0.467548 0.173077 0.146635
0 0.751202 0.493990 0.247596 0.213942
0 0.924279 0.359375 0.151442 0.209135
0 0.932692 0.157452 0.134615 0.194712
0 0.847356 0.082933 0.237981 0.161058
0 0.353365 0.084135 0.250000 0.163462
0 0.134615 0.080529 0.216346 0.156250
0 0.066106 0.207933 0.127404 0.252404
0 0.211538 0.442308 0.326923 0.259615
0 0.158654 0.893029 0.312500 0.213942
0 0.484375 0.912260 0.329327 0.175481
0 0.598558 0.778846 0.182692 0.192308
0 0.752404 0.733173 0.197115 0.192308
0 0.730769 0.957933 0.168269 0.084135
0 0.883413 0.823317 0.233173 0.223558
